0 0 2
0 1 2
0 2 2
0 3 2
0 4 2
0 5 2
0 6 2
0 7 2
0 8 2
0 9 2
0 10 2
0 11 2
0 12 2
0 13 2
0 14 2
0 15 2
0 16 2
0 17 2
0 18 2
0 19 2
0 20 2
0 21 2
0 22 2
0 23 2
0 24 2
0 25 2
0 26 2
0 27 2
0 28 2
0 29 2
0 30 2
0 31 2
0 32 2
0 33 2
0 34 2
0 35 2
0 36 2
0 37 1
0 38 1
0 39 1
0 40 1
0 41 1
0 42 1
0 43 1
0 44 1
0 45 1
0 46 2
0 47 2
0 48 2
0 49 2
0 50 2
1 0 2
1 1 2
1 2 2
1 3 2
1 4 2
1 5 2
1 6 2
1 7 2
1 8 2
1 9 2
1 10 2
1 11 2
1 12 2
1 13 2
1 14 2
1 15 2
1 16 2
1 17 2
1 18 2
1 19 2
1 20 2
1 21 2
1 22 2
1 23 2
1 24 2
1 25 2
1 26 2
1 27 2
1 28 2
1 29 2
1 30 2
1 31 2
1 32 2
1 33 2
1 34 2
1 35 2
1 36 1
1 37 1
1 38 5
1 39 5
1 40 4
1 41 0
1 42 4
1 43 5
1 44 5
1 45 1
1 46 2
1 47 2
1 48 2
1 49 2
1 50 2
2 0 2
2 1 2
2 2 2
2 3 2
2 4 2
2 5 2
2 6 2
2 7 2
2 8 2
2 9 2
2 10 2
2 11 2
2 12 2
2 13 2
2 14 2
2 15 2
2 16 2
2 17 2
2 18 2
2 19 2
2 20 2
2 21 2
2 22 2
2 23 2
2 24 2
2 25 2
2 26 2
2 27 2
2 28 2
2 29 2
2 30 2
2 31 2
2 32 2
2 33 10
2 34 2
2 35 2
2 36 1
2 37 5
2 38 5
2 39 0
2 40 5
2 41 0
2 42 4
2 43 5
2 44 1
2 45 1
2 46 2
2 47 2
2 48 2
2 49 2
2 50 2
3 0 2
3 1 2
3 2 2
3 3 2
3 4 2
3 5 2
3 6 2
3 7 2
3 8 2
3 9 2
3 10 2
3 11 2
3 12 2
3 13 2
3 14 2
3 15 2
3 16 2
3 17 2
3 18 2
3 19 2
3 20 2
3 21 2
3 22 2
3 23 2
3 24 2
3 25 2
3 26 2
3 27 2
3 28 2
3 29 2
3 30 2
3 31 2
3 32 2
3 33 200
3 34 2
3 35 2
3 36 1
3 37 5
3 38 0
3 39 0
3 40 0
3 41 0
3 42 0
3 43 4
3 44 5
3 45 1
3 46 2
3 47 2
3 48 2
3 49 2
3 50 2
4 0 2
4 1 2
4 2 2
4 3 2
4 4 2
4 5 2
4 6 2
4 7 2
4 8 2
4 9 2
4 10 2
4 11 2
4 12 2
4 13 2
4 14 2
4 15 2
4 16 2
4 17 2
4 18 2
4 19 2
4 20 2
4 21 2
4 22 2
4 23 2
4 24 2
4 25 2
4 26 2
4 27 2
4 28 2
4 29 2
4 30 2
4 31 2
4 32 2
4 33 2
4 34 2
4 35 2
4 36 1
4 37 4
4 38 4
4 39 4
4 40 4
4 41 4
4 42 4
4 43 4
4 44 4
4 45 1
4 46 2
4 47 2
4 48 2
4 49 2
4 50 2
5 0 2
5 1 2
5 2 2
5 3 2
5 4 2
5 5 2
5 6 2
5 7 2
5 8 2
5 9 2
5 10 2
5 11 2
5 12 2
5 13 2
5 14 2
5 15 2
5 16 2
5 17 2
5 18 2
5 19 2
5 20 2
5 21 2
5 22 2
5 23 2
5 24 1
5 25 1
5 26 1
5 27 1
5 28 1
5 29 1
5 30 1
5 31 1
5 32 1
5 33 1
5 34 1
5 35 1
5 36 1
5 37 4
5 38 4
5 39 4
5 40 4
5 41 4
5 42 4
5 43 4
5 44 4
5 45 1
5 46 2
5 47 2
5 48 2
5 49 2
5 50 2
6 0 2
6 1 2
6 2 2
6 3 2
6 4 2
6 5 2
6 6 2
6 7 2
6 8 2
6 9 2
6 10 2
6 11 2
6 12 2
6 13 2
6 14 2
6 15 2
6 16 2
6 17 2
6 18 2
6 19 2
6 20 2
6 21 2
6 22 2
6 23 1
6 24 1
6 25 0
6 26 5
6 27 1
6 28 0
6 29 0
6 30 0
6 31 0
6 32 0
6 33 3
6 34 0
6 35 1
6 36 1
6 37 4
6 38 0
6 39 4
6 40 0
6 41 0
6 42 0
6 43 0
6 44 4
6 45 1
6 46 2
6 47 2
6 48 2
6 49 2
6 50 2
7 0 2
7 1 2
7 2 2
7 3 2
7 4 2
7 5 2
7 6 2
7 7 2
7 8 2
7 9 2
7 10 2
7 11 2
7 12 2
7 13 2
7 14 2
7 15 2
7 16 2
7 17 2
7 18 2
7 19 2
7 20 2
7 21 2
7 22 2
7 23 1
7 24 5
7 25 4
7 26 0
7 27 1
7 28 0
7 29 0
7 30 0
7 31 4
7 32 1
7 33 5
7 34 1
7 35 1
7 36 1
7 37 0
7 38 0
7 39 0
7 40 0
7 41 0
7 42 0
7 43 0
7 44 0
7 45 1
7 46 2
7 47 2
7 48 2
7 49 2
7 50 2
8 0 2
8 1 2
8 2 2
8 3 2
8 4 2
8 5 2
8 6 2
8 7 2
8 8 2
8 9 2
8 10 2
8 11 2
8 12 2
8 13 2
8 14 2
8 15 2
8 16 2
8 17 2
8 18 2
8 19 2
8 20 2
8 21 2
8 22 2
8 23 1
8 24 4
8 25 5
8 26 0
8 27 1
8 28 0
8 29 0
8 30 0
8 31 0
8 32 1
8 33 5
8 34 5
8 35 5
8 36 4
8 37 1
8 38 1
8 39 1
8 40 1
8 41 1
8 42 0
8 43 1
8 44 1
8 45 1
8 46 1
8 47 1
8 48 1
8 49 1
8 50 1
9 0 2
9 1 2
9 2 2
9 3 2
9 4 2
9 5 2
9 6 2
9 7 2
9 8 2
9 9 2
9 10 2
9 11 2
9 12 2
9 13 2
9 14 2
9 15 2
9 16 2
9 17 2
9 18 2
9 19 2
9 20 2
9 21 2
9 22 1
9 23 1
9 24 0
9 25 4
9 26 0
9 27 4
9 28 0
9 29 4
9 30 0
9 31 0
9 32 1
9 33 0
9 34 5
9 35 0
9 36 4
9 37 4
9 38 0
9 39 0
9 40 0
9 41 0
9 42 0
9 43 0
9 44 0
9 45 9
9 46 0
9 47 0
9 48 0
9 49 0
9 50 0
10 0 2
10 1 2
10 2 2
10 3 2
10 4 2
10 5 2
10 6 2
10 7 2
10 8 2
10 9 2
10 10 2
10 11 2
10 12 2
10 13 2
10 14 2
10 15 2
10 16 2
10 17 2
10 18 2
10 19 2
10 20 2
10 21 2
10 22 1
10 23 0
10 24 4
10 25 5
10 26 0
10 27 4
10 28 0
10 29 1
10 30 0
10 31 1
10 32 1
10 33 0
10 34 0
10 35 0
10 36 1
10 37 4
10 38 4
10 39 0
10 40 0
10 41 0
10 42 0
10 43 0
10 44 1
10 45 1
10 46 1
10 47 1
10 48 1
10 49 1
10 50 1
11 0 2
11 1 2
11 2 2
11 3 2
11 4 2
11 5 2
11 6 2
11 7 2
11 8 2
11 9 2
11 10 2
11 11 2
11 12 2
11 13 2
11 14 2
11 15 2
11 16 2
11 17 2
11 18 2
11 19 2
11 20 2
11 21 2
11 22 1
11 23 0
11 24 5
11 25 0
11 26 0
11 27 4
11 28 0
11 29 0
11 30 0
11 31 1
11 32 1
11 33 1
11 34 1
11 35 1
11 36 1
11 37 1
11 38 1
11 39 1
11 40 1
11 41 1
11 42 1
11 43 1
11 44 1
11 45 2
11 46 2
11 47 2
11 48 2
11 49 2
11 50 2
12 0 2
12 1 2
12 2 2
12 3 10
12 4 2
12 5 2
12 6 2
12 7 2
12 8 2
12 9 2
12 10 2
12 11 2
12 12 2
12 13 2
12 14 2
12 15 2
12 16 2
12 17 2
12 18 2
12 19 2
12 20 2
12 21 2
12 22 1
12 23 0
12 24 4
12 25 1
12 26 0
12 27 0
12 28 0
12 29 4
12 30 0
12 31 4
12 32 4
12 33 0
12 34 5
12 35 1
12 36 1
12 37 1
12 38 1
12 39 1
12 40 1
12 41 2
12 42 2
12 43 2
12 44 2
12 45 2
12 46 2
12 47 2
12 48 2
12 49 2
12 50 2
13 0 2
13 1 2
13 2 2
13 3 200
13 4 2
13 5 2
13 6 2
13 7 2
13 8 2
13 9 2
13 10 2
13 11 2
13 12 2
13 13 2
13 14 2
13 15 2
13 16 2
13 17 2
13 18 2
13 19 2
13 20 2
13 21 2
13 22 1
13 23 1
13 24 4
13 25 1
13 26 0
13 27 0
13 28 0
13 29 4
13 30 4
13 31 5
13 32 4
13 33 0
13 34 0
13 35 3
13 36 4
13 37 5
13 38 0
13 39 0
13 40 1
13 41 2
13 42 2
13 43 2
13 44 2
13 45 2
13 46 2
13 47 2
13 48 2
13 49 2
13 50 2
14 0 2
14 1 2
14 2 2
14 3 2
14 4 2
14 5 2
14 6 2
14 7 2
14 8 1
14 9 1
14 10 1
14 11 1
14 12 1
14 13 1
14 14 1
14 15 1
14 16 1
14 17 2
14 18 2
14 19 2
14 20 2
14 21 2
14 22 2
14 23 1
14 24 1
14 25 1
14 26 1
14 27 1
14 28 1
14 29 1
14 30 0
14 31 4
14 32 4
14 33 0
14 34 0
14 35 1
14 36 5
14 37 0
14 38 0
14 39 0
14 40 1
14 41 2
14 42 2
14 43 2
14 44 2
14 45 2
14 46 2
14 47 2
14 48 2
14 49 2
14 50 2
15 0 2
15 1 2
15 2 2
15 3 2
15 4 2
15 5 2
15 6 1
15 7 1
15 8 1
15 9 0
15 10 0
15 11 0
15 12 0
15 13 0
15 14 0
15 15 0
15 16 1
15 17 1
15 18 2
15 19 2
15 20 2
15 21 2
15 22 2
15 23 2
15 24 1
15 25 1
15 26 1
15 27 2
15 28 2
15 29 1
15 30 1
15 31 1
15 32 1
15 33 1
15 34 1
15 35 1
15 36 7
15 37 6
15 38 6
15 39 6
15 40 1
15 41 2
15 42 2
15 43 2
15 44 2
15 45 2
15 46 2
15 47 2
15 48 2
15 49 2
15 50 2
16 0 2
16 1 2
16 2 2
16 3 2
16 4 2
16 5 1
16 6 1
16 7 0
16 8 0
16 9 0
16 10 4
16 11 4
16 12 4
16 13 4
16 14 4
16 15 4
16 16 4
16 17 1
16 18 1
16 19 1
16 20 1
16 21 2
16 22 2
16 23 1
16 24 1
16 25 0
16 26 1
16 27 1
16 28 1
16 29 1
16 30 2
16 31 2
16 32 2
16 33 2
16 34 2
16 35 2
16 36 1
16 37 0
16 38 0
16 39 0
16 40 1
16 41 2
16 42 10
16 43 10
16 44 2
16 45 2
16 46 2
16 47 2
16 48 2
16 49 2
16 50 2
17 0 1
17 1 1
17 2 1
17 3 1
17 4 1
17 5 1
17 6 0
17 7 0
17 8 0
17 9 1
17 10 4
17 11 5
17 12 5
17 13 5
17 14 5
17 15 5
17 16 4
17 17 0
17 18 0
17 19 0
17 20 1
17 21 1
17 22 1
17 23 1
17 24 3
17 25 0
17 26 4
17 27 5
17 28 5
17 29 1
17 30 1
17 31 1
17 32 1
17 33 1
17 34 1
17 35 1
17 36 7
17 37 6
17 38 6
17 39 6
17 40 1
17 41 2
17 42 200
17 43 200
17 44 2
17 45 2
17 46 2
17 47 2
17 48 2
17 49 2
17 50 2
18 0 1
18 1 0
18 2 0
18 3 0
18 4 0
18 5 0
18 6 0
18 7 0
18 8 1
18 9 1
18 10 1
18 11 3
18 12 3
18 13 3
18 14 3
18 15 3
18 16 1
18 17 1
18 18 0
18 19 0
18 20 0
18 21 3
18 22 0
18 23 0
18 24 0
18 25 0
18 26 5
18 27 4
18 28 4
18 29 4
18 30 0
18 31 4
18 32 0
18 33 0
18 34 0
18 35 0
18 36 0
18 37 0
18 38 0
18 39 0
18 40 1
18 41 2
18 42 2
18 43 2
18 44 2
18 45 2
18 46 2
18 47 2
18 48 2
18 49 2
18 50 2
19 0 1
19 1 1
19 2 1
19 3 1
19 4 1
19 5 1
19 6 1
19 7 1
19 8 1
19 9 2
19 10 1
19 11 1
19 12 1
19 13 1
19 14 1
19 15 1
19 16 1
19 17 1
19 18 1
19 19 1
19 20 1
19 21 1
19 22 1
19 23 1
19 24 1
19 25 1
19 26 1
19 27 1
19 28 5
19 29 4
19 30 1
19 31 0
19 32 0
19 33 0
19 34 0
19 35 0
19 36 0
19 37 0
19 38 1
19 39 1
19 40 1
19 41 2
19 42 2
19 43 2
19 44 2
19 45 2
19 46 2
19 47 2
19 48 2
19 49 2
19 50 2
20 0 2
20 1 2
20 2 2
20 3 2
20 4 2
20 5 2
20 6 2
20 7 2
20 8 2
20 9 2
20 10 2
20 11 2
20 12 2
20 13 2
20 14 2
20 15 2
20 16 2
20 17 2
20 18 2
20 19 2
20 20 2
20 21 2
20 22 2
20 23 2
20 24 2
20 25 2
20 26 2
20 27 1
20 28 1
20 29 1
20 30 1
20 31 1
20 32 0
20 33 0
20 34 0
20 35 0
20 36 0
20 37 1
20 38 1
20 39 2
20 40 2
20 41 2
20 42 2
20 43 2
20 44 2
20 45 2
20 46 2
20 47 2
20 48 2
20 49 2
20 50 2
21 0 2
21 1 2
21 2 2
21 3 2
21 4 2
21 5 2
21 6 2
21 7 2
21 8 2
21 9 2
21 10 2
21 11 2
21 12 2
21 13 2
21 14 2
21 15 2
21 16 2
21 17 2
21 18 2
21 19 2
21 20 2
21 21 2
21 22 2
21 23 2
21 24 2
21 25 2
21 26 2
21 27 2
21 28 2
21 29 2
21 30 2
21 31 1
21 32 1
21 33 1
21 34 1
21 35 1
21 36 1
21 37 1
21 38 2
21 39 2
21 40 2
21 41 2
21 42 2
21 43 2
21 44 2
21 45 2
21 46 2
21 47 2
21 48 2
21 49 2
21 50 2
0 0 0
5 18
10 0
0
2
